62 1
63 12
64 14
65 5
66 14
67 14
68 14
69 14
70 14
71 12
72 12
73 11
74 12
75 11
76 11
77 14
78 12
79 11
80 12
81 12
82 1
83 14
84 12
85 1
86 1
87 14
88 12
89 1
90 1
91 1
92 14
93 12
94 14
95 12
96 12
97 12
98 12
99 14
100 1
101 1
102 2
103 2
104 2
105 2
106 2
107 2
108 2
109 1
110 12
111 3
112 15
113 15
114 7
115 15
116 15
117 15
118 15
119 7
120 1
121 7
122 7
123 7
124 7
125 11
126 3
127 11
128 14
129 4
130 1
131 1
132 1
133 7
134 1
135 1
136 7
137 3
138 1
139 6
140 2
141 2
142 2
143 2
144 2
145 3
146 7
147 7
148 7
149 11
150 13
151 2
152 2
153 2
154 2
155 2
156 2
157 2
158 2
159 13
160 13
161 13
162 1
163 13
164 1
165 1
166 5
167 7
168 1
169 1
170 7
171 7
172 1
173 3
174 7
175 1
176 1
177 1
178 1
179 7
180 1
181 1
182 7
183 7
184 7
185 7
186 7
187 7
188 7
189 1
190 1
191 11
192 7
193 11
194 7
195 4
196 1
197 11
198 1
199 1
200 6
201 7
202 1
203 1
204 1
205 7
206 2
207 2
208 2
209 2
210 2
211 2
212 2
213 1
214 1
215 1
216 1
217 1
218 5
219 1
220 11
221 8
222 8
223 8
224 1
225 5
226 8
227 1
228 3
229 7
230 1
231 1
232 7
233 7
234 2
235 2
236 2
237 2
238 2
239 7
240 1
241 5
242 7
243 7
244 7
245 7
246 11
247 7
248 11
249 7
250 5
251 8
252 5
253 7
254 8
255 8
256 7
257 7
258 8
259 8
260 1
261 1
262 1
263 1
264 7
265 1
266 1
267 1
268 7
269 7
270 7
271 7
272 5
273 11
274 11
275 4
276 11
277 1
278 8
279 5
280 8
281 8
282 8
283 8
284 7
285 8
286 7
287 5
288 5
289 7
290 1
291 7
292 1
293 11
294 1
295 1
296 7
297 5
298 1
299 1
300 7
301 7
302 1
303 1
304 7
305 1
306 1
307 1
308 1
309 1
310 1
311 2
312 2
313 2
314 2
315 2
316 2
317 2
318 2
319 1
320 1
321 1
322 1
323 1
324 1
325 1
326 4
327 1
328 5
329 7